8570
6503
4817
2986
4136
9615
6101
3270
1753
7683
5572
4671
317
2898
7237
4843
4590
1057
5117
3070
6975
9758
8030
7773
9362
5774
8829
5748
2218
211
1302
8851
9810
2530
9419
3451
1346
3271
9729
7999
8398
4238
9673
8904
3197
9483
4292
4776
8591
204
2282
673
8165
9299
8644
2094
1575
2289
7952
1325
7163
9678
4847
3557
4532
5628
2923
6242
6315
924
1665
8994
4996
8341
1576
2759
8084
1519
1041
1947
4401
3848
4035
5585
1755
1116
1152
4853
3749
8164
4389
3290
1476
4825
1432
8084
9665
7364
5797
5085
6170
7969
633
2935
3962
191
1437
6642
7713
7758
1760
8153
1345
2979
7758
1070
3429
4701
2486
7432
1967
3944
7258
5047
7030
1828
7745
1426
2147
7994
6606
6751
8638
1356
377
5298
3147
2158
8961
6264
4451
6292
5305
8155
1838
8876
9051
9183
9789
1236
7968
9482
4470
1200
501
591
3281
8699
4695
3184
5330
1663
207
8272
9258
8761
630
6323
4167
2192
130
4570
6632
9723
740
8949
7066
4395
1725
2296
3262
4208
8212
235
108
932
6220
3617
2742
2915
3221
496
6731
1610
1319
89
2065
9023
5907
265
3274
8165
2051
5877
1241
2584
6207
8000
2749
1431
7760
7802
1939
8039
6286
3526
773
4357
8157
8189
524
3288
2759
8086
5708
1924
5790
1186
5614
3056
5508
9786
9232
4523
3691
2489
1587
2856
7700
2379
4219
61
3251
1016
4604
6998
3428
422
6507
604
8755
3325
4023
8973
6804
9010
7724
5062
904
7074
9334
3919
7177
2563
3222
4114
4730
6106
4998
6798
4235
8445
3739
697
5385
6008
3356
9003
293
3454
6692
6278
5835
6476
7762
7400
8973
2191
4880
3325
3950
3927
4698
9473
1971
2516
6257
4922
6052
4384
9174
7319
262
1358
4978
3733
2247
9874
2991
741
6163
546
4979
367
3381
937
6219
5151
4589
5403
9855
3431
2437
811
8308
7358
7460
9583
8634
1981
7344
7022
1223
1474
5055
5691
2395
7973
9986
4953
9569
5574
2685
561
9231
1004
921
6370
3955
938
2251
3980
1391
5055
2568
238
8733
3047
5376
404
4300
12
3679
8015
2181
1501
5610
3235
7764
9706
1726
4461
1505
7518
3990
2769
3120
9664
4857
4291
9001
4119
937
2359
4740
8796
5174
8317
8406
6049
8596
1249
5093
5422
7115
104
1064
5497
5492
3982
2126
6900
3345
2929
2483
606
1333
4206
9561
9887
7899
7744
9287
2723
7079
5026
6330
9682
2512
6975
8784
1295
999
8714
6235
605
952
6448
5979
7963
7202
6951
7541
1381
9403
4293
87
2784
9884
9942
2650
5498
8347
666
1831
672
2941
6060
2834
2197
8845
1522
1068
2323
9309
5264
4359
3424
579
9194
4764
8403
6765
542
1600
1953
8038
5787
1993
3571
9024
9655
2500
3374
74
4055
7622
8192
5537
2320
8667
9270
6644
1870
8599
9143
6740
8338
9375
8437
8569
7924
9532
2948
1888
2140
4399
2853
5495
578
2121
8398
3711
2876
4352
453
8183
7650
287
924
512
1551
7915
183
5480
1776
4319
7913
6542
9068
5211
9624
4790
810
7058
4552
6518
9923
8784
4716
8042
1450
4866
7206
5677
1608
81
8953
7458
3657
2025
2198
757
9898
443
288
2369
5881
3567
536
4676
5577
2289
7515
5483
9265
9924
3620
8981
2331
1475
3537
1947
6402
9280
6055
9383
9544
3956
3752
8064
5985
4404
6119
6876
2767
2993
2308
578
9549
1943
2903
8232
5367
978
2002
1058
5374
8747
6632
9678
2898
4852
3168
2920
3205
7155
5092
9376
8079
9740
6892
2457
6797
3262
6977
238
2475
1823
1027
4605
8071
6933
980
8220
1791
3618
2714
2838
1217
9406
4688
5523
8008
4325
8455
9438
2122
5740
1107
307
3152
6283
5333
4291
4892
3714
5785
7366
5027
8738
64
6805
6576
4086
8695
7022
8540
7504
9824
4856
3578
795
4298
9190
3683
5341
7167
6053
1344
192
5929
4122
3645
2855
2657
8548
6141
6117
496
8511
514
3415
6791
3860
8754
4296
6274
2887
3464
7031
4001
1440
8464
1795
8030
8793
5856
1226
7317
8986
1089
649
6775
5742
1623
336
9274
7828
6776
3203
7581
1222
1612
3864
4082
1211
6839
1968
3018
9079
7810
6726
8878
346
2075
1955
7967
1338
5953
8013
6943
4880
8825
7460
1912
3246
8358
3208
6594
3592
6140
260
9386
7584
5155
2110
8613
5760
4085
2703
1616
2161
7391
9257
4253
3838
7349
5563
9024
4460
5775
8584
861
4996
6334
6293
8781
4957
5376
4242
2334
7252
3862
4395
1251
7494
1284
2760
3351
1797
2167
9782
10
3345
3929
678
9716
3168
6957
494
8746
935
4529
3733
7788
7824
1049
9808
5369
36
8616
4739
7149
4053
9096
1027
7578
4060
5671
6276
3983
4666
4241
9096
2186
6385
5714
6894
4264
491
7695
9953
132
3552
918
6779
8628
3980
6589
8205
8754
8557
781
7964
4492
28
6845
5273
9257
2894
6167
4574
51
6606
6100
8115
6518
7977
3644
608
7
8920
5501
513
4604
1687
9017
6696
2514
7413
1802
7854
6353
3523
2629
4472
3426
9596
9502
7409
8442
1953
430
308
1607
3480
6143
5464
8299
4173
9804
997
1354
2635
3461
9935
7506
4055
9164
1617
1357
493
5838
2530
6489
8170
298
620
8283
5734
7576
3731
1526
578
6892
568
8481
3173
7116
305
6151
4065
5597
3359
3565
5162
3592
4971
5834
7925
7365
850
3756
9582
2240
8493
3744
7813
6318
7387
267
4444
8799
5716
2629
9025
1468
4275
4508
2232
7176
2817
5211
5249
842
9424
8333
2921
7951
6278
9556
768
5538
958
3214
5058
1719
8505
8895
8068
5649
2396
9056
1809
1664
372
3710
1442
760
5563
6510
3652
6453
3481
6358
2360
324
6530
8753
9092
356
5971
9365
5766
9212
4579
7233
5998
2882
2847
8371
4428
4832
3806
3700
9588
6841
3097
4678
5644
4671
9270
7165
3425
283
3963
7463
6326
4995
